  0.000000 7.353553e-01
  0.010101 7.470526e-01
  0.020202 7.576602e-01
  0.030303 7.674036e-01
  0.040404 7.765343e-01
  0.050505 7.853185e-01
  0.060606 7.940255e-01
  0.070707 8.029151e-01
  0.080808 8.122260e-01
  0.090909 8.221652e-01
  0.101010 8.328980e-01
  0.111111 8.445400e-01
  0.121212 8.571511e-01
  0.131313 8.707311e-01
  0.141414 8.852181e-01
  0.151515 9.004888e-01
  0.161616 9.163616e-01
  0.171717 9.326015e-01
  0.181818 9.489271e-01
  0.191919 9.650200e-01
  0.202020 9.805347e-01
  0.212121 9.951104e-01
  0.222222 1.008383e+00
  0.232323 1.019999e+00
  0.242424 1.029624e+00
  0.252525 1.036960e+00
  0.262626 1.041750e+00
  0.272727 1.043794e+00
  0.282828 1.042948e+00
  0.292929 1.039138e+00
  0.303030 1.032358e+00
  0.313131 1.022669e+00
  0.323232 1.010206e+00
  0.333333 9.951630e-01
  0.343434 9.777963e-01
  0.353535 9.584111e-01
  0.363636 9.373531e-01
  0.373737 9.149981e-01
  0.383838 8.917392e-01
  0.393939 8.679745e-01
  0.404040 8.440946e-01
  0.414141 8.204702e-01
  0.424242 7.974409e-01
  0.434343 7.753047e-01
  0.444444 7.543098e-01
  0.454545 7.346472e-01
  0.464646 7.164468e-01
  0.474747 6.997746e-01
  0.484848 6.846329e-01
  0.494949 6.709624e-01
  0.505051 6.586471e-01
  0.515152 6.475207e-01
  0.525253 6.373753e-01
  0.535354 6.279709e-01
  0.545455 6.190472e-01
  0.555556 6.103349e-01
  0.565657 6.015681e-01
  0.575758 5.924959e-01
  0.585859 5.828944e-01
  0.595960 5.725761e-01
  0.606061 5.613998e-01
  0.616162 5.492770e-01
  0.626263 5.361776e-01
  0.636364 5.221325e-01
  0.646465 5.072345e-01
  0.656566 4.916365e-01
  0.666667 4.755477e-01
  0.676768 4.592272e-01
  0.686869 4.429762e-01
  0.696970 4.271280e-01
  0.707071 4.120372e-01
  0.717172 3.980678e-01
  0.727273 3.855804e-01
  0.737374 3.749202e-01
  0.747475 3.664047e-01
  0.757576 3.603127e-01
  0.767677 3.568740e-01
  0.777778 3.562614e-01
  0.787879 3.585839e-01
  0.797980 3.638829e-01
  0.808081 3.721298e-01
  0.818182 3.832265e-01
  0.828283 3.970080e-01
  0.838384 4.132479e-01
  0.848485 4.316648e-01
  0.858586 4.519317e-01
  0.868687 4.736865e-01
  0.878788 4.965433e-01
  0.888889 5.201047e-01
  0.898990 5.439748e-01
  0.909091 5.677716e-01
  0.919192 5.911385e-01
  0.929293 6.137556e-01
  0.939394 6.353487e-01
  0.949495 6.556977e-01
  0.959596 6.746414e-01
  0.969697 6.920820e-01
  0.979798 7.079853e-01
  0.989899 7.223803e-01
  1.000000 7.353553e-01
